5226812721,
1936367676,
220338081,
722039576,
1023223781,
1988038321,
528101958,
2377088905,
3525706364,
318944964,
103483162,
2257250305,
4214424791,
2267385097,
3669341591,
2904298666,
1756271251,
1547314554,
1631291550,
338438925,
929888317,
1999981905,
2823434956,
1254407200,
394431064,
2294526710,
4008233412,
1122628192,
1720556938,
310637825,
3502330059,
326893415,
1724368629,
501517397,
1700375615,
448012725,
3502330059,
3077463032,
1375627061,
3654256262,
727697379,
2027702049,
1300613617,
4993945005,
1173331676,
1640035649,
497746753,
868867727,
980589270,
3955529077,
273060105,
1381665221,
3086424924,
2268361655,
1640035649,
2926309677,
1075107391,
687968198,
406458801,
218371205,
2919753162,
582993005,
2815815371,
1608566886,
24612144,
4747890803,
5032144339,
4124845922,
856208272,
5280496964,
2227081748,
514363450,
451164236,
5226812721,
1936367676,
220338081,
722039576,
1023223781,
1988038321,
528101958,
2377088905,
3525706364,
318944964,
103483162,
2257250305,
4214424791,
2267385097,
3669341591,
2904298666,
1756271251,
1547314554,
1631291550,
338438925,
929888317,
1999981905,
1254407200,
394431064,
2294526710,
4008233412,
1122628192,
529656,
1720556938,
310637825,
3502330059,
326893415,
1724368629,
501517397,
1700375615,
448012725,
3502330059,
3077463032,
1375627061,
727697379,
2027702049,
1300613617,
4993945005,
1173331676,
1640035649,
497746753,
868867727,
980589270,
3955529077,
273060105,
1381665221,
3086424924,
2268361655,
1640035649,
2926309677,
1075107391,
687968198,
406458801,
218371205,
2919753162,
582993005,
2815815371,
1608566886,
24612144,
4747890803,
4124845922,
856208272,
5280496964,
2227081748,
514363450,
451164236,
2294188446,
2415427043,
2495657990,
73744032,
1308842202,
74453484,
692402519,
1393087125,
2434791747,
2318012047,
5006333417,
477177898,
1867872993,
5465254808,
3215893333,
2882558248,
2836280948,
244967889,
1820286334,
3063624646,
1487993822,
2654141744,
428011141,
813487925,
1088003600,
4965962385,
2476532246,
2639159361,
1005362016,
2039628656,
1537556887,
1752443486,
2366202727,
709927193,
1541594437,
109048017,
1491322192,
3267618240,
1491322192,
2902342332,
1517027763,
669642452,
2319767399,
3861846177,
445109393,
5781428763,
2061700611,
2018284268,
941133129,
3242219600,
1622976400,
2576425343,
2450030791,
5712549825,
3767413045,
2067661213,
4475869197,
2029584798,
2001566751,
1091873090,
4169416129,
1473440272,
1129302201,
1786918759,
258699143,
7213605945,
171832854,
4408526299,
3566380175,
3047655833,
5584514318,
2741388686,
